 VECTOR=    0.000000    0.000000    0.000000   ICLUS=   16
    3.0925   -0.0000    0.0000    0.0000    0.0000   -0.0000   -0.0000    0.0000    0.0000
    0.0000    2.7873   -0.0000   -0.0000   -0.0000   -0.0000    0.0000    0.0000   -0.0000
    0.0000   -0.0000    2.7873    0.0000   -0.0000   -0.0000    0.0000   -0.0000    0.0000
    0.0000   -0.0000    0.0000    2.7873    0.0000    0.0000   -0.0000    0.0000    0.0000
   -0.0000   -0.0000   -0.0000   -0.0000    2.7103    0.0000    0.0000    0.0000    0.0000
    0.0000    0.0000   -0.0000   -0.0000   -0.0000    2.7103    0.0000    0.0000   -0.0000
    0.0000   -0.0000    0.0000   -0.0000   -0.0000    0.0000    2.7103   -0.0000    0.0000
    0.0000    0.0000    0.0000    0.0000    0.0000    0.0000   -0.0000    1.2988   -0.0000
   -0.0000    0.0000   -0.0000    0.0000   -0.0000   -0.0000    0.0000   -0.0000    1.2988
 VECTOR=   -1.430600    1.430600    1.430600   ICLUS=   16
   -0.5923    0.6798   -0.6798   -0.6798    0.8198   -0.8198    0.8198    0.0000    0.0000
   -0.6798    0.5478   -0.9063   -0.9063    0.8190   -1.2811    0.8190    0.4766   -0.2752
    0.6798   -0.9063    0.5478    0.9063   -0.8190    0.8190   -1.2811    0.4766    0.2752
    0.6798   -0.9063    0.9063    0.5478   -1.2811    0.8190   -0.8190   -0.0000   -0.5503
    0.8198   -0.8190    0.8190    1.2811   -0.9807    1.4324   -1.4324    0.0000    0.7738
   -0.8198    1.2811   -0.8190   -0.8190    1.4324   -0.9807    1.4324   -0.6702    0.3869
    0.8198   -0.8190    1.2811    0.8190   -1.4324    1.4324   -0.9807   -0.6702   -0.3869
    0.0000   -0.4766   -0.4766   -0.0000   -0.0000   -0.6702   -0.6702    1.2167   -0.0000
    0.0000    0.2752   -0.2752    0.5503    0.7738    0.3869   -0.3869   -0.0000    1.2167
 VECTOR=    1.430600    1.430600    1.430600   ICLUS=   16
   -0.5923   -0.6798   -0.6798   -0.6798   -0.8198   -0.8198   -0.8198    0.0000    0.0000
    0.6798    0.5478    0.9063    0.9063    0.8190    1.2811    0.8190   -0.4766    0.2752
    0.6798    0.9063    0.5478    0.9063    0.8190    0.8190    1.2811    0.4766    0.2752
    0.6798    0.9063    0.9063    0.5478    1.2811    0.8190    0.8190   -0.0000   -0.5503
   -0.8198   -0.8190   -0.8190   -1.2811   -0.9807   -1.4324   -1.4324   -0.0000   -0.7738
   -0.8198   -1.2811   -0.8190   -0.8190   -1.4324   -0.9807   -1.4324   -0.6702    0.3869
   -0.8198   -0.8190   -1.2811   -0.8190   -1.4324   -1.4324   -0.9807    0.6702    0.3869
    0.0000    0.4766   -0.4766    0.0000    0.0000   -0.6702    0.6702    1.2167   -0.0000
   -0.0000   -0.2752   -0.2752    0.5503   -0.7738    0.3869    0.3869    0.0000    1.2167
 VECTOR=    0.000000    2.861200    0.000000   ICLUS=   16
   -0.2020    0.0000   -0.4350    0.0000    0.0000    0.0000   -0.0000    0.5227    0.3018
   -0.0000   -0.0495   -0.0000   -0.0000   -0.1336   -0.0000   -0.0000    0.0000   -0.0000
    0.4350    0.0000    0.9350    0.0000    0.0000    0.0000   -0.0000   -1.1161   -0.6444
    0.0000    0.0000    0.0000   -0.0495    0.0000   -0.1336   -0.0000    0.0000   -0.0000
    0.0000    0.1336    0.0000   -0.0000    0.3637   -0.0000   -0.0000   -0.0000    0.0000
   -0.0000   -0.0000    0.0000    0.1336   -0.0000    0.3637    0.0000   -0.0000    0.0000
    0.0000   -0.0000    0.0000    0.0000    0.0000    0.0000    0.0148   -0.0000    0.0000
    0.5227   -0.0000    1.1161    0.0000   -0.0000   -0.0000    0.0000   -1.3278   -0.7405
    0.3018   -0.0000    0.6444    0.0000   -0.0000   -0.0000    0.0000   -0.7405   -0.4728
 VECTOR=    0.000000    0.000000    2.861200   ICLUS=   16
   -0.2020   -0.0000    0.0000   -0.4350    0.0000    0.0000   -0.0000    0.0000   -0.6035
   -0.0000   -0.0495    0.0000   -0.0000   -0.0000   -0.0000   -0.1336   -0.0000   -0.0000
    0.0000    0.0000   -0.0495    0.0000   -0.0000   -0.1336    0.0000    0.0000    0.0000
    0.4350    0.0000   -0.0000    0.9350   -0.0000   -0.0000    0.0000   -0.0000    1.2887
    0.0000    0.0000   -0.0000    0.0000    0.0148   -0.0000   -0.0000   -0.0000    0.0000
   -0.0000   -0.0000    0.1336   -0.0000    0.0000    0.3637   -0.0000    0.0000   -0.0000
    0.0000    0.1336   -0.0000    0.0000    0.0000   -0.0000    0.3637    0.0000    0.0000
    0.0000    0.0000    0.0000    0.0000   -0.0000   -0.0000    0.0000   -0.0452   -0.0000
   -0.6035    0.0000    0.0000   -1.2887   -0.0000    0.0000    0.0000    0.0000   -1.7553
 VECTOR=   -1.430600    1.430600   -1.430600   ICLUS=   16
   -0.5923    0.6798   -0.6798    0.6798    0.8198    0.8198   -0.8198    0.0000    0.0000
   -0.6798    0.5478   -0.9063    0.9063    0.8190    1.2811   -0.8190    0.4766   -0.2752
    0.6798   -0.9063    0.5478   -0.9063   -0.8190   -0.8190    1.2811    0.4766    0.2752
   -0.6798    0.9063   -0.9063    0.5478    1.2811    0.8190   -0.8190    0.0000    0.5503
    0.8198   -0.8190    0.8190   -1.2811   -0.9807   -1.4324    1.4324   -0.0000    0.7738
    0.8198   -1.2811    0.8190   -0.8190   -1.4324   -0.9807    1.4324    0.6702   -0.3869
   -0.8198    0.8190   -1.2811    0.8190    1.4324    1.4324   -0.9807    0.6702    0.3869
   -0.0000   -0.4766   -0.4766   -0.0000   -0.0000    0.6702    0.6702    1.2167   -0.0000
    0.0000    0.2752   -0.2752   -0.5503    0.7738   -0.3869    0.3869    0.0000    1.2167
 VECTOR=   -1.430600   -1.430600    1.430600   ICLUS=   16
   -0.5923    0.6798    0.6798   -0.6798   -0.8198    0.8198    0.8198    0.0000   -0.0000
   -0.6798    0.5478    0.9063   -0.9063   -0.8190    1.2811    0.8190    0.4766   -0.2752
   -0.6798    0.9063    0.5478   -0.9063   -0.8190    0.8190    1.2811   -0.4766   -0.2752
    0.6798   -0.9063   -0.9063    0.5478    1.2811   -0.8190   -0.8190    0.0000   -0.5503
   -0.8198    0.8190    0.8190   -1.2811   -0.9807    1.4324    1.4324    0.0000   -0.7738
    0.8198   -1.2811   -0.8190    0.8190    1.4324   -0.9807   -1.4324    0.6702   -0.3869
    0.8198   -0.8190   -1.2811    0.8190    1.4324   -1.4324   -0.9807   -0.6702   -0.3869
    0.0000   -0.4766    0.4766    0.0000    0.0000    0.6702   -0.6702    1.2167    0.0000
    0.0000    0.2752    0.2752    0.5503   -0.7738   -0.3869   -0.3869   -0.0000    1.2167
 VECTOR=    1.430600    1.430600   -1.430600   ICLUS=   16
   -0.5923   -0.6798   -0.6798    0.6798   -0.8198    0.8198    0.8198    0.0000    0.0000
    0.6798    0.5478    0.9063   -0.9063    0.8190   -1.2811   -0.8190   -0.4766    0.2752
    0.6798    0.9063    0.5478   -0.9063    0.8190   -0.8190   -1.2811    0.4766    0.2752
   -0.6798   -0.9063   -0.9063    0.5478   -1.2811    0.8190    0.8190   -0.0000    0.5503
   -0.8198   -0.8190   -0.8190    1.2811   -0.9807    1.4324    1.4324   -0.0000   -0.7738
    0.8198    1.2811    0.8190   -0.8190    1.4324   -0.9807   -1.4324    0.6702   -0.3869
    0.8198    0.8190    1.2811   -0.8190    1.4324   -1.4324   -0.9807   -0.6702   -0.3869
    0.0000    0.4766   -0.4766    0.0000    0.0000    0.6702   -0.6702    1.2167    0.0000
   -0.0000   -0.2752   -0.2752   -0.5503   -0.7738   -0.3869   -0.3869    0.0000    1.2167
 VECTOR=    1.430600   -1.430600    1.430600   ICLUS=   16
   -0.5923   -0.6798    0.6798   -0.6798    0.8198    0.8198   -0.8198    0.0000   -0.0000
    0.6798    0.5478   -0.9063    0.9063   -0.8190   -1.2811    0.8190   -0.4766    0.2752
   -0.6798   -0.9063    0.5478   -0.9063    0.8190    0.8190   -1.2811   -0.4766   -0.2752
    0.6798    0.9063   -0.9063    0.5478   -1.2811   -0.8190    0.8190   -0.0000   -0.5503
    0.8198    0.8190   -0.8190    1.2811   -0.9807   -1.4324    1.4324    0.0000    0.7738
    0.8198    1.2811   -0.8190    0.8190   -1.4324   -0.9807    1.4324    0.6702   -0.3869
   -0.8198   -0.8190    1.2811   -0.8190    1.4324    1.4324   -0.9807    0.6702    0.3869
   -0.0000    0.4766    0.4766    0.0000    0.0000    0.6702    0.6702    1.2167    0.0000
    0.0000   -0.2752    0.2752    0.5503    0.7738   -0.3869    0.3869    0.0000    1.2167
 VECTOR=   -2.861200    0.000000    0.000000   ICLUS=   16
   -0.2020    0.4350   -0.0000   -0.0000    0.0000    0.0000    0.0000   -0.5227    0.3018
   -0.4350    0.9350    0.0000   -0.0000   -0.0000   -0.0000    0.0000   -1.1161    0.6444
    0.0000    0.0000   -0.0495    0.0000    0.1336   -0.0000    0.0000   -0.0000    0.0000
   -0.0000    0.0000   -0.0000   -0.0495    0.0000    0.0000    0.1336   -0.0000    0.0000
    0.0000   -0.0000   -0.1336    0.0000    0.3637   -0.0000    0.0000   -0.0000   -0.0000
    0.0000    0.0000   -0.0000   -0.0000    0.0000    0.0148   -0.0000    0.0000   -0.0000
   -0.0000   -0.0000   -0.0000   -0.1336    0.0000   -0.0000    0.3637   -0.0000    0.0000
   -0.5227    1.1161    0.0000    0.0000    0.0000   -0.0000   -0.0000   -1.3278    0.7405
    0.3018   -0.6444   -0.0000    0.0000    0.0000    0.0000    0.0000    0.7405   -0.4728
 VECTOR=    2.861200    0.000000    0.000000   ICLUS=   16
   -0.2020   -0.4350    0.0000    0.0000   -0.0000   -0.0000    0.0000   -0.5227    0.3018
    0.4350    0.9350   -0.0000   -0.0000    0.0000    0.0000   -0.0000    1.1161   -0.6444
   -0.0000   -0.0000   -0.0495    0.0000   -0.1336   -0.0000   -0.0000   -0.0000    0.0000
   -0.0000   -0.0000    0.0000   -0.0495    0.0000   -0.0000   -0.1336   -0.0000   -0.0000
    0.0000    0.0000    0.1336   -0.0000    0.3637   -0.0000    0.0000   -0.0000    0.0000
    0.0000    0.0000   -0.0000   -0.0000    0.0000    0.0148    0.0000    0.0000   -0.0000
   -0.0000   -0.0000   -0.0000    0.1336    0.0000    0.0000    0.3637   -0.0000   -0.0000
   -0.5227   -1.1161   -0.0000   -0.0000    0.0000   -0.0000   -0.0000   -1.3278    0.7405
    0.3018    0.6444    0.0000    0.0000    0.0000    0.0000   -0.0000    0.7405   -0.4728
 VECTOR=   -1.430600   -1.430600   -1.430600   ICLUS=   16
   -0.5923    0.6798    0.6798    0.6798   -0.8198   -0.8198   -0.8198   -0.0000    0.0000
   -0.6798    0.5478    0.9063    0.9063   -0.8190   -1.2811   -0.8190    0.4766   -0.2752
   -0.6798    0.9063    0.5478    0.9063   -0.8190   -0.8190   -1.2811   -0.4766   -0.2752
   -0.6798    0.9063    0.9063    0.5478   -1.2811   -0.8190   -0.8190   -0.0000    0.5503
   -0.8198    0.8190    0.8190    1.2811   -0.9807   -1.4324   -1.4324   -0.0000   -0.7738
   -0.8198    1.2811    0.8190    0.8190   -1.4324   -0.9807   -1.4324   -0.6702    0.3869
   -0.8198    0.8190    1.2811    0.8190   -1.4324   -1.4324   -0.9807    0.6702    0.3869
    0.0000   -0.4766    0.4766    0.0000    0.0000   -0.6702    0.6702    1.2167   -0.0000
   -0.0000    0.2752    0.2752   -0.5503   -0.7738    0.3869    0.3869   -0.0000    1.2167
 VECTOR=    1.430600   -1.430600   -1.430600   ICLUS=   16
   -0.5923   -0.6798    0.6798    0.6798    0.8198   -0.8198    0.8198   -0.0000    0.0000
    0.6798    0.5478   -0.9063   -0.9063   -0.8190    1.2811   -0.8190   -0.4766    0.2752
   -0.6798   -0.9063    0.5478    0.9063    0.8190   -0.8190    1.2811   -0.4766   -0.2752
   -0.6798   -0.9063    0.9063    0.5478    1.2811   -0.8190    0.8190    0.0000    0.5503
    0.8198    0.8190   -0.8190   -1.2811   -0.9807    1.4324   -1.4324    0.0000    0.7738
   -0.8198   -1.2811    0.8190    0.8190    1.4324   -0.9807    1.4324   -0.6702    0.3869
    0.8198    0.8190   -1.2811   -0.8190   -1.4324    1.4324   -0.9807   -0.6702   -0.3869
   -0.0000    0.4766    0.4766   -0.0000   -0.0000   -0.6702   -0.6702    1.2167    0.0000
    0.0000   -0.2752    0.2752   -0.5503    0.7738    0.3869   -0.3869    0.0000    1.2167
 VECTOR=    0.000000    0.000000   -2.861200   ICLUS=   16
   -0.2020    0.0000   -0.0000    0.4350   -0.0000    0.0000    0.0000   -0.0000   -0.6035
    0.0000   -0.0495   -0.0000    0.0000    0.0000    0.0000    0.1336    0.0000    0.0000
   -0.0000   -0.0000   -0.0495    0.0000   -0.0000    0.1336   -0.0000   -0.0000   -0.0000
   -0.4350    0.0000   -0.0000    0.9350   -0.0000    0.0000    0.0000   -0.0000   -1.2887
   -0.0000   -0.0000    0.0000    0.0000    0.0148    0.0000    0.0000    0.0000   -0.0000
   -0.0000   -0.0000   -0.1336   -0.0000   -0.0000    0.3637    0.0000   -0.0000   -0.0000
    0.0000   -0.1336   -0.0000    0.0000    0.0000    0.0000    0.3637   -0.0000    0.0000
   -0.0000    0.0000   -0.0000    0.0000   -0.0000    0.0000   -0.0000   -0.0452   -0.0000
   -0.6035   -0.0000    0.0000    1.2887   -0.0000   -0.0000   -0.0000   -0.0000   -1.7553
 VECTOR=    0.000000   -2.861200    0.000000   ICLUS=   16
   -0.2020    0.0000    0.4350   -0.0000    0.0000    0.0000    0.0000    0.5227    0.3018
