 VECTOR=    0.000000    0.000000    0.000000   ICLUS= 8033
    3.0571   -0.0000   -0.0000   -0.0000   -0.0000   -0.0000    0.0000   -0.0000    0.0000
   -0.0000    2.7379    0.0000   -0.0000   -0.0000   -0.0000   -0.0000    0.0000   -0.0000
   -0.0000    0.0000    2.7379    0.0000    0.0000   -0.0000    0.0000    0.0000    0.0000
    0.0000   -0.0000   -0.0000    2.7379    0.0000    0.0000    0.0000    0.0000   -0.0000
    0.0000   -0.0000    0.0000    0.0000    2.3694    0.0000   -0.0000    0.0000    0.0000
   -0.0000   -0.0000   -0.0000    0.0000    0.0000    2.3694    0.0000   -0.0000   -0.0000
   -0.0000   -0.0000   -0.0000   -0.0000   -0.0000    0.0000    2.3694    0.0000   -0.0000
    0.0000    0.0000    0.0000    0.0000   -0.0000   -0.0000    0.0000    1.6720    0.0000
    0.0000   -0.0000   -0.0000   -0.0000    0.0000    0.0000    0.0000   -0.0000    1.6720
 VECTOR=    0.000000    0.000000   -2.861200   ICLUS= 8033
   -0.0170   -0.0000    0.0000    0.0381    0.0000   -0.0000    0.0000    0.0000   -0.0597
   -0.0000    0.0011   -0.0000   -0.0000   -0.0000    0.0000   -0.0060    0.0000    0.0000
   -0.0000   -0.0000    0.0011   -0.0000   -0.0000   -0.0060   -0.0000    0.0000    0.0000
   -0.0381   -0.0000    0.0000    0.0876    0.0000   -0.0000    0.0000   -0.0000   -0.1412
    0.0000   -0.0000   -0.0000    0.0000    0.0073   -0.0000   -0.0000   -0.0000    0.0000
    0.0000    0.0000    0.0060    0.0000    0.0000   -0.0182    0.0000   -0.0000    0.0000
   -0.0000    0.0060    0.0000    0.0000    0.0000   -0.0000   -0.0182    0.0000    0.0000
    0.0000   -0.0000   -0.0000   -0.0000    0.0000    0.0000    0.0000   -0.0085    0.0000
   -0.0597   -0.0000   -0.0000    0.1412    0.0000   -0.0000    0.0000   -0.0000   -0.2308
 VECTOR=    0.000000   -1.430600   -1.430600   ICLUS= 8033
   -0.4848   -0.0000    0.6939    0.6939   -0.0000   -1.0269   -0.0000    0.5751   -0.3320
   -0.0000   -0.2047   -0.0000    0.0000    0.3672   -0.0000    0.3672    0.0000    0.0000
   -0.6939    0.0000    0.8423    1.1547   -0.0000   -1.5142    0.0000    0.5760   -0.8968
   -0.6939    0.0000    1.1547    0.8423   -0.0000   -1.5142   -0.0000    1.0646   -0.0505
   -0.0000   -0.3672    0.0000    0.0000    0.6132   -0.0000    0.6709    0.0000    0.0000
   -1.0269    0.0000    1.5142    1.5142    0.0000   -2.5144    0.0000    1.1875   -0.6856
   -0.0000   -0.3672   -0.0000    0.0000    0.6709   -0.0000    0.6132    0.0000    0.0000
    0.5751    0.0000   -0.5760   -1.0646   -0.0000    1.1875   -0.0000   -0.3695    1.1059
   -0.3320    0.0000    0.8968    0.0505   -0.0000   -0.6856    0.0000    1.1059    0.9075
 VECTOR=    0.000000   -2.861200    0.000000   ICLUS= 8033
   -0.0170   -0.0000    0.0381    0.0000   -0.0000   -0.0000    0.0000    0.0517    0.0299
   -0.0000    0.0011   -0.0000    0.0000   -0.0060    0.0000    0.0000   -0.0000    0.0000
   -0.0381    0.0000    0.0876   -0.0000   -0.0000   -0.0000    0.0000    0.1223    0.0706
    0.0000    0.0000   -0.0000    0.0011   -0.0000   -0.0060    0.0000    0.0000    0.0000
   -0.0000    0.0060    0.0000    0.0000   -0.0182   -0.0000    0.0000    0.0000    0.0000
    0.0000    0.0000    0.0000    0.0060   -0.0000   -0.0182   -0.0000    0.0000   -0.0000
   -0.0000    0.0000   -0.0000   -0.0000    0.0000   -0.0000    0.0073   -0.0000    0.0000
    0.0517    0.0000   -0.1223    0.0000   -0.0000    0.0000   -0.0000   -0.1752   -0.0963
    0.0299    0.0000   -0.0706   -0.0000    0.0000   -0.0000   -0.0000   -0.0963   -0.0641
 VECTOR=   -1.430600    0.000000   -1.430600   ICLUS= 8033
   -0.4848    0.6939    0.0000    0.6939    0.0000   -0.0000   -1.0269   -0.5751   -0.3320
   -0.6939    0.8423   -0.0000    1.1547    0.0000   -0.0000   -1.5142   -0.5760   -0.8968
   -0.0000    0.0000   -0.2047   -0.0000    0.3672    0.3672    0.0000    0.0000    0.0000
   -0.6939    1.1547   -0.0000    0.8423    0.0000   -0.0000   -1.5142   -1.0646   -0.0505
    0.0000    0.0000   -0.3672    0.0000    0.6132    0.6709   -0.0000    0.0000   -0.0000
   -0.0000    0.0000   -0.3672   -0.0000    0.6709    0.6132    0.0000   -0.0000    0.0000
   -1.0269    1.5142   -0.0000    1.5142    0.0000    0.0000   -2.5144   -1.1875   -0.6856
   -0.5751    0.5760    0.0000    1.0646    0.0000   -0.0000   -1.1875   -0.3695   -1.1059
   -0.3320    0.8968    0.0000    0.0505   -0.0000    0.0000   -0.6856   -1.1059    0.9075
 VECTOR=   -1.430600   -1.430600    0.000000   ICLUS= 8033
   -0.4848    0.6939    0.6939   -0.0000   -1.0269   -0.0000    0.0000   -0.0000    0.6641
   -0.6939    0.8423    1.1547   -0.0000   -1.5142   -0.0000   -0.0000    0.4886    0.9472
   -0.6939    1.1547    0.8423   -0.0000   -1.5142    0.0000    0.0000   -0.4886    0.9472
    0.0000   -0.0000   -0.0000   -0.2047    0.0000    0.3672    0.3672    0.0000    0.0000
   -1.0269    1.5142    1.5142    0.0000   -2.5144    0.0000    0.0000   -0.0000    1.3712
    0.0000    0.0000   -0.0000   -0.3672    0.0000    0.6132    0.6709    0.0000   -0.0000
    0.0000    0.0000    0.0000   -0.3672   -0.0000    0.6709    0.6132    0.0000   -0.0000
    0.0000   -0.4886    0.4886   -0.0000   -0.0000    0.0000   -0.0000    1.5460    0.0000
    0.6641   -0.9472   -0.9472   -0.0000    1.3712   -0.0000    0.0000   -0.0000   -1.0080
 VECTOR=   -2.861200    0.000000    0.000000   ICLUS= 8033
   -0.0170    0.0381   -0.0000   -0.0000    0.0000    0.0000    0.0000   -0.0517    0.0299
   -0.0381    0.0876   -0.0000   -0.0000   -0.0000    0.0000    0.0000   -0.1223    0.0706
   -0.0000    0.0000    0.0011   -0.0000   -0.0060   -0.0000    0.0000   -0.0000    0.0000
    0.0000   -0.0000    0.0000    0.0011    0.0000   -0.0000   -0.0060   -0.0000    0.0000
   -0.0000    0.0000    0.0060   -0.0000   -0.0182    0.0000    0.0000   -0.0000    0.0000
   -0.0000   -0.0000   -0.0000    0.0000    0.0000    0.0073   -0.0000    0.0000    0.0000
    0.0000   -0.0000   -0.0000    0.0060    0.0000   -0.0000   -0.0182   -0.0000   -0.0000
   -0.0517    0.1223   -0.0000    0.0000    0.0000   -0.0000    0.0000   -0.1752    0.0963
    0.0299   -0.0706    0.0000    0.0000    0.0000   -0.0000    0.0000    0.0963   -0.0641
 VECTOR=    1.430600    0.000000   -1.430600   ICLUS= 8033
   -0.4848   -0.6939    0.0000    0.6939   -0.0000   -0.0000    1.0269   -0.5751   -0.3320
    0.6939    0.8423    0.0000   -1.1547    0.0000    0.0000   -1.5142    0.5760    0.8968
    0.0000    0.0000   -0.2047   -0.0000   -0.3672    0.3672   -0.0000    0.0000    0.0000
   -0.6939   -1.1547    0.0000    0.8423    0.0000   -0.0000    1.5142   -1.0646   -0.0505
   -0.0000    0.0000    0.3672   -0.0000    0.6132   -0.6709    0.0000   -0.0000    0.0000
    0.0000    0.0000   -0.3672   -0.0000   -0.6709    0.6132   -0.0000    0.0000   -0.0000
    1.0269    1.5142   -0.0000   -1.5142    0.0000    0.0000   -2.5144    1.1875    0.6856
   -0.5751   -0.5760   -0.0000    1.0646    0.0000    0.0000    1.1875   -0.3695   -1.1059
   -0.3320   -0.8968    0.0000    0.0505   -0.0000    0.0000    0.6856   -1.1059    0.9075
 VECTOR=    1.430600   -1.430600    0.000000   ICLUS= 8033
   -0.4848   -0.6939    0.6939   -0.0000    1.0269    0.0000   -0.0000   -0.0000    0.6641
    0.6939    0.8423   -1.1547    0.0000   -1.5142    0.0000   -0.0000   -0.4886   -0.9472
   -0.6939   -1.1547    0.8423   -0.0000    1.5142    0.0000   -0.0000   -0.4886    0.9472
    0.0000   -0.0000    0.0000   -0.2047   -0.0000    0.3672   -0.3672    0.0000   -0.0000
    1.0269    1.5142   -1.5142   -0.0000   -2.5144    0.0000   -0.0000    0.0000   -1.3712
    0.0000   -0.0000   -0.0000   -0.3672    0.0000    0.6132   -0.6709    0.0000   -0.0000
   -0.0000   -0.0000   -0.0000    0.3672    0.0000   -0.6709    0.6132   -0.0000    0.0000
    0.0000    0.4886    0.4886   -0.0000    0.0000    0.0000   -0.0000    1.5460   -0.0000
    0.6641    0.9472   -0.9472   -0.0000   -1.3712   -0.0000    0.0000   -0.0000   -1.0080
 VECTOR=    0.000000    1.430600   -1.430600   ICLUS= 8033
   -0.4848    0.0000   -0.6939    0.6939   -0.0000    1.0269    0.0000    0.5751   -0.3320
    0.0000   -0.2047    0.0000    0.0000   -0.3672    0.0000    0.3672   -0.0000   -0.0000
    0.6939   -0.0000    0.8423   -1.1547   -0.0000   -1.5142    0.0000   -0.5760    0.8968
   -0.6939    0.0000   -1.1547    0.8423   -0.0000    1.5142    0.0000    1.0646   -0.0505
    0.0000    0.3672    0.0000   -0.0000    0.6132   -0.0000   -0.6709   -0.0000   -0.0000
    1.0269    0.0000    1.5142   -1.5142   -0.0000   -2.5144   -0.0000   -1.1875    0.6856
    0.0000   -0.3672    0.0000    0.0000   -0.6709   -0.0000    0.6132    0.0000   -0.0000
    0.5751    0.0000    0.5760   -1.0646   -0.0000   -1.1875   -0.0000   -0.3695    1.1059
   -0.3320   -0.0000   -0.8968    0.0505   -0.0000    0.6856    0.0000    1.1059    0.9075
 VECTOR=    0.000000   -1.430600    1.430600   ICLUS= 8033
   -0.4848   -0.0000    0.6939   -0.6939    0.0000    1.0269    0.0000    0.5751   -0.3320
   -0.0000   -0.2047   -0.0000   -0.0000    0.3672   -0.0000   -0.3672   -0.0000   -0.0000
   -0.6939   -0.0000    0.8423   -1.1547   -0.0000    1.5142    0.0000    0.5760   -0.8968
    0.6939    0.0000   -1.1547    0.8423    0.0000   -1.5142    0.0000   -1.0646    0.0505
   -0.0000   -0.3672   -0.0000   -0.0000    0.6132    0.0000   -0.6709   -0.0000   -0.0000
    1.0269   -0.0000   -1.5142    1.5142   -0.0000   -2.5144   -0.0000   -1.1875    0.6856
   -0.0000    0.3672    0.0000    0.0000   -0.6709    0.0000    0.6132   -0.0000   -0.0000
    0.5751   -0.0000   -0.5760    1.0646   -0.0000   -1.1875   -0.0000   -0.3695    1.1059
   -0.3320    0.0000    0.8968   -0.0505   -0.0000    0.6856   -0.0000    1.1059    0.9075
 VECTOR=   -1.430600    1.430600    0.000000   ICLUS= 8033
   -0.4848    0.6939   -0.6939    0.0000    1.0269   -0.0000   -0.0000    0.0000    0.6641
   -0.6939    0.8423   -1.1547   -0.0000    1.5142   -0.0000   -0.0000    0.4886    0.9472
    0.6939   -1.1547    0.8423   -0.0000   -1.5142    0.0000    0.0000    0.4886   -0.9472
   -0.0000   -0.0000   -0.0000   -0.2047    0.0000   -0.3672    0.3672    0.0000    0.0000
    1.0269   -1.5142    1.5142   -0.0000   -2.5144   -0.0000    0.0000    0.0000   -1.3712
    0.0000    0.0000    0.0000    0.3672   -0.0000    0.6132   -0.6709   -0.0000    0.0000
   -0.0000    0.0000   -0.0000   -0.3672    0.0000   -0.6709    0.6132    0.0000    0.0000
    0.0000   -0.4886   -0.4886   -0.0000    0.0000   -0.0000   -0.0000    1.5460    0.0000
    0.6641   -0.9472    0.9472   -0.0000   -1.3712   -0.0000    0.0000    0.0000   -1.0080
 VECTOR=   -1.430600    0.000000    1.430600   ICLUS= 8033
   -0.4848    0.6939    0.0000   -0.6939   -0.0000    0.0000    1.0269   -0.5751   -0.3320
   -0.6939    0.8423   -0.0000   -1.1547    0.0000   -0.0000    1.5142   -0.5760   -0.8968
   -0.0000    0.0000   -0.2047    0.0000    0.3672   -0.3672    0.0000   -0.0000    0.0000
    0.6939   -1.1547   -0.0000    0.8423    0.0000    0.0000   -1.5142    1.0646    0.0505
   -0.0000    0.0000   -0.3672    0.0000    0.6132   -0.6709   -0.0000   -0.0000    0.0000
    0.0000   -0.0000    0.3672    0.0000   -0.6709    0.6132   -0.0000    0.0000   -0.0000
    1.0269   -1.5142   -0.0000    1.5142    0.0000    0.0000   -2.5144    1.1875    0.6856
   -0.5751    0.5760   -0.0000   -1.0646    0.0000   -0.0000    1.1875   -0.3695   -1.1059
   -0.3320    0.8968    0.0000   -0.0505   -0.0000    0.0000    0.6856   -1.1059    0.9075
 VECTOR=    2.861200    0.000000    0.000000   ICLUS= 8033
   -0.0170   -0.0381   -0.0000    0.0000   -0.0000   -0.0000    0.0000   -0.0517    0.0299
    0.0381    0.0876   -0.0000   -0.0000    0.0000    0.0000   -0.0000    0.1223   -0.0706
    0.0000    0.0000    0.0011    0.0000    0.0060    0.0000    0.0000    0.0000    0.0000
    0.0000   -0.0000   -0.0000    0.0011   -0.0000    0.0000    0.0060   -0.0000   -0.0000
    0.0000   -0.0000   -0.0060    0.0000   -0.0182   -0.0000   -0.0000   -0.0000   -0.0000
    0.0000    0.0000   -0.0000   -0.0000   -0.0000    0.0073   -0.0000    0.0000   -0.0000
   -0.0000    0.0000    0.0000   -0.0060   -0.0000   -0.0000   -0.0182   -0.0000    0.0000
   -0.0517   -0.1223    0.0000   -0.0000    0.0000    0.0000    0.0000   -0.1752    0.0963
    0.0299    0.0706    0.0000   -0.0000    0.0000    0.0000    0.0000    0.0963   -0.0641
 VECTOR=    1.430600    1.430600    0.000000   ICLUS= 8033
   -0.4848   -0.6939   -0.6939   -0.0000   -1.0269   -0.0000    0.0000    0.0000    0.6641
    0.6939    0.8423    1.1547   -0.0000    1.5142    0.0000   -0.0000   -0.4886   -0.9472
    0.6939    1.1547    0.8423    0.0000    1.5142    0.0000    0.0000    0.4886   -0.9472
    0.0000   -0.0000   -0.0000   -0.2047    0.0000   -0.3672   -0.3672    0.0000   -0.0000
   -1.0269   -1.5142   -1.5142   -0.0000   -2.5144    0.0000   -0.0000   -0.0000    1.3712
   -0.0000    0.0000   -0.0000    0.3672    0.0000    0.6132    0.6709   -0.0000    0.0000
    0.0000   -0.0000    0.0000    0.3672   -0.0000    0.6709    0.6132   -0.0000   -0.0000
   -0.0000    0.4886   -0.4886    0.0000    0.0000   -0.0000   -0.0000    1.5460   -0.0000
    0.6641    0.9472    0.9472    0.0000    1.3712   -0.0000    0.0000   -0.0000   -1.0080
 VECTOR=    1.430600    0.000000    1.430600   ICLUS= 8033
   -0.4848   -0.6939   -0.0000   -0.6939   -0.0000    0.0000   -1.0269   -0.5751   -0.3320
    0.6939    0.8423    0.0000    1.1547   -0.0000   -0.0000    1.5142    0.5760    0.8968
    0.0000   -0.0000   -0.2047    0.0000   -0.3672   -0.3672    0.0000   -0.0000   -0.0000
    0.6939    1.1547   -0.0000    0.8423    0.0000    0.0000    1.5142    1.0646    0.0505
    0.0000    0.0000    0.3672    0.0000    0.6132    0.6709    0.0000    0.0000   -0.0000
    0.0000    0.0000    0.3672   -0.0000    0.6709    0.6132    0.0000   -0.0000    0.0000
   -1.0269   -1.5142   -0.0000   -1.5142    0.0000   -0.0000   -2.5144   -1.1875   -0.6856
   -0.5751   -0.5760   -0.0000   -1.0646    0.0000   -0.0000   -1.1875   -0.3695   -1.1059
   -0.3320   -0.8968    0.0000   -0.0505   -0.0000    0.0000   -0.6856   -1.1059    0.9075
 VECTOR=    0.000000    2.861200    0.000000   ICLUS= 8033
   -0.0170    0.0000   -0.0381   -0.0000    0.0000   -0.0000   -0.0000    0.0517    0.0299
    0.0000    0.0011    0.0000    0.0000    0.0060   -0.0000   -0.0000    0.0000   -0.0000
    0.0381   -0.0000    0.0876    0.0000    0.0000    0.0000   -0.0000   -0.1223   -0.0706
    0.0000   -0.0000    0.0000    0.0011    0.0000    0.0060   -0.0000   -0.0000   -0.0000
   -0.0000   -0.0060   -0.0000   -0.0000   -0.0182    0.0000    0.0000    0.0000    0.0000
    0.0000    0.0000    0.0000   -0.0060   -0.0000   -0.0182   -0.0000   -0.0000   -0.0000
   -0.0000   -0.0000   -0.0000   -0.0000    0.0000    0.0000    0.0073    0.0000   -0.0000
    0.0517    0.0000    0.1223   -0.0000   -0.0000    0.0000    0.0000   -0.1752   -0.0963
    0.0299   -0.0000    0.0706   -0.0000    0.0000   -0.0000   -0.0000   -0.0963   -0.0641
 VECTOR=    0.000000    1.430600    1.430600   ICLUS= 8033
   -0.4848   -0.0000   -0.6939   -0.6939   -0.0000   -1.0269    0.0000    0.5751   -0.3320
    0.0000   -0.2047    0.0000   -0.0000   -0.3672    0.0000   -0.3672    0.0000   -0.0000
    0.6939    0.0000    0.8423    1.1547   -0.0000    1.5142   -0.0000   -0.5760    0.8968
    0.6939   -0.0000    1.1547    0.8423    0.0000    1.5142   -0.0000   -1.0646    0.0505
    0.0000    0.3672   -0.0000   -0.0000    0.6132   -0.0000    0.6709   -0.0000    0.0000
   -1.0269   -0.0000   -1.5142   -1.5142   -0.0000   -2.5144   -0.0000    1.1875   -0.6856
   -0.0000    0.3672   -0.0000   -0.0000    0.6709    0.0000    0.6132    0.0000    0.0000
    0.5751    0.0000    0.5760    1.0646   -0.0000    1.1875    0.0000   -0.3695    1.1059
   -0.3320    0.0000   -0.8968   -0.0505   -0.0000   -0.6856   -0.0000    1.1059    0.9075
 VECTOR=    0.000000    0.000000    2.861200   ICLUS= 8033
   -0.0170   -0.0000    0.0000   -0.0381   -0.0000   -0.0000   -0.0000   -0.0000   -0.0597
   -0.0000    0.0011   -0.0000   -0.0000    0.0000    0.0000    0.0060   -0.0000   -0.0000
   -0.0000    0.0000    0.0011    0.0000    0.0000    0.0060   -0.0000   -0.0000   -0.0000
    0.0381    0.0000    0.0000    0.0876   -0.0000    0.0000   -0.0000    0.0000    0.1412
    0.0000   -0.0000   -0.0000   -0.0000    0.0073    0.0000    0.0000    0.0000   -0.0000
    0.0000    0.0000   -0.0060    0.0000   -0.0000   -0.0182    0.0000    0.0000   -0.0000
    0.0000   -0.0060    0.0000    0.0000   -0.0000   -0.0000   -0.0182    0.0000    0.0000
   -0.0000   -0.0000    0.0000   -0.0000   -0.0000    0.0000    0.0000   -0.0085    0.0000
