&ELEMENT
 SYMBOL="Ni        ",
 ATOMIC_NUMBER=  28.000000000000000     ,
 CORE=  18.000000000000000     ,
 VALENCE=  10.000000000000000     ,
 F_CORE=0          ,
 NUM_QUANT_S=4          ,
 NUM_QUANT_P=4          ,
 NUM_QUANT_D=3          ,
 /
&PAR
 CENTER_BAND=-0.35896298814231731     , 0.33245112626256756     ,-0.23486475644290292     ,-0.35522165092353508     , 0.34814406990194724     ,
 -0.18423427316899138     ,
 WIDTH_BAND= 0.40446410996251320     , 0.26713727922933150     , 0.10874043750263068     , 0.40573823822329586     , 0.27025415171474526     ,
  0.11521105152181839     ,
 GRAVITY_CENTER=-0.49657859947279032     ,-0.32893833883685081     ,-0.24344357362742966     ,-0.49299129587688345     ,-0.31013829122201408     ,
 -0.21996163228749691     ,
 SUMEC= -1758.8461197884153     ,
 SUMEV= -2.5751979468862372     ,
 ETOT= -3037.6106010396447     ,
 UTOT= -5998.4945578247061     ,
 EKIN=  3084.0993548364877     ,
 RHOEPS= -123.21539805142642     ,
 VMAD=  1.6215176679133560E-015,
 C=-0.34995861988915156     , 0.70148823906241931     ,-0.23495322826533599     ,-0.34622555728521320     , 0.70499450406892339     ,
 -0.18550763676765114     ,
 ENU=-0.49657765029549467     ,-0.32893516987220578     ,-0.24344358428313378     ,-0.49299031271176341     ,-0.31013450725853670     ,
 -0.21996163367351582     ,
 PPAR=  4.8486666826906912     ,  6.5333333850111543     , 0.71682007764984967     ,  4.8826349773061519     ,  6.5352546833827487     ,
  0.74322335372775639     ,
 QPAR= 0.42626784301033466     , 0.11323445875947617     , -3.5004879734484556E-003, 0.42651201010331663     , 0.11317666266429863     ,
  -2.5275506786123360E-003,
 SRDEL= 0.43092890473298812     , 0.41619324066085200     , 0.10761901802003689     , 0.43223235623480638     , 0.41675794922678833     ,
  0.11110479913990952     ,
 VL=-0.78559673251074069     ,-0.82822526667537022     ,  3.0736903351564488     ,-0.78425204587072217     ,-0.82965527849749066     ,
   4.6983813882495395     ,
 PL=  4.6782515356901229     ,  4.4199310294711731     ,  3.8855104463222263     ,  4.6786414723019369     ,  4.4291600314810875     ,
   3.8468121715816759     ,
 MOM= 2*0.0000000000000000       ,  1.0000000000000000     ,
 QL= 0.34350038891297574     ,  0.0000000000000000     ,  8.5243636116530911E-003, 0.36547641536432257     ,  0.0000000000000000     ,
   6.3986726397804068E-003,  4.6212602837991366     ,  0.0000000000000000     ,  4.1914085639239568E-002, 0.35282167816082805     ,  0.0000000000000000     ,
   8.2672294307527504E-003, 0.39801327820727450     ,  0.0000000000000000     ,  6.9726821127148678E-003,  3.9189279555554597     ,  0.0000000000000000     ,
   3.5262270039658636E-002,
 LMAX=2          ,
 WS_R=  2.6019999999999999     ,
 /
