&ELEMENT
 SYMBOL="Co        ",
 ATOMIC_NUMBER=  27.000000000000000     ,
 CORE=  18.000000000000000     ,
 VALENCE=  9.0000000000000000     ,
 F_CORE=0          ,
 NUM_QUANT_S=4          ,
 NUM_QUANT_P=4          ,
 NUM_QUANT_D=3          ,
 /
&PAR
 CENTER_BAND=-0.32886210489154732     , 0.34182066845991299     ,-0.23442941073823390     ,-0.31491461248889374     , 0.38390308373013238     ,
 -0.11318324068470474     ,
 WIDTH_BAND= 0.40319204235511058     , 0.26440088607495488     , 0.11253381097397420     , 0.40719504937065065     , 0.27178465736406032     ,
  0.12814177551538108     ,
 GRAVITY_CENTER=-0.48109763886020152     ,-0.32024250479493821     ,-0.24336155205283067     ,-0.46300388898800843     ,-0.27118184339599272     ,
 -0.20472045432518154     ,
 SUMEC= -1619.5360732560830     ,
 SUMEV= -2.2758403442908310     ,
 ETOT= -2783.1165714332005     ,
 UTOT= -5489.8552106557818     ,
 EKIN=  2822.3216337327763     ,
 RHOEPS= -115.58299451019519     ,
 VMAD=  3.7573788838692725E-015,
 C=-0.31752733260268917     , 0.72495030878551392     ,-0.23451502938720123     ,-0.30433950509019164     , 0.73828749397670945     ,
 -0.11835052967297313     ,
 ENU=-0.48109656721942079     ,-0.32023937391736379     ,-0.24336155767630943     ,-0.46300274074052594     ,-0.27117723384248427     ,
 -0.20472028961131020     ,
 PPAR=  4.9857018456802553     ,  6.5980870270608696     , 0.74329492940567088     ,  5.0595139354965681     ,  6.5995125055509494     ,
  0.82278305889817360     ,
 QPAR= 0.42799298523468360     , 0.11413500858072637     , -2.8761016778029841E-003, 0.42844067193006136     , 0.11403077881927938     ,
   5.8770882386288670E-004,
 SRDEL= 0.43321211743465249     , 0.41740787924724976     , 0.11145512374176499     , 0.43627321674406144     , 0.41881433132973450     ,
  0.12090814068312594     ,
 VL=-0.75601935298597933     ,-0.80156480648817441     ,  4.0846129746298576     ,-0.74858524176821750     ,-0.79993442152019667     ,
  -24.992489156135662     ,
 PL=  4.6696578751436695     ,  4.4128816197885126     ,  3.8858610941959082     ,  4.6735749099918387     ,  4.4345636187930690     ,
   3.7706532796626666     ,
 MOM= 2*0.0000000000000000       ,  1.0000000000000000     ,
 QL= 0.33395630007622634     ,  0.0000000000000000     ,  7.4116310248574166E-003, 0.35966516767553575     ,  0.0000000000000000     ,
   5.7860541764647271E-003,  4.6007850960440679     ,  0.0000000000000000     ,  4.5276836166561626E-002, 0.35928154240340793     ,  0.0000000000000000     ,
   7.7015518214733746E-003, 0.43540461532656211     ,  0.0000000000000000     ,  7.4418218293913901E-003,  2.9109072784741938     ,  0.0000000000000000     ,
   2.3597653009655606E-002,
 LMAX=2          ,
 WS_R=  2.6210000000000000     ,
 /
