&ELEMENT
 SYMBOL="Fe        ",
 ATOMIC_NUMBER=  26.000000000000000     ,
 CORE=  18.000000000000000     ,
 VALENCE=  8.0000000000000000     ,
 F_CORE=0          ,
 NUM_QUANT_S=4          ,
 NUM_QUANT_P=4          ,
 NUM_QUANT_D=3          ,
 Q0= 6*                      NaN,
 Q1= 6*                      NaN,
 Q2= 6*                      NaN,
 /
&PAR
 CENTER_BAND_S_UP=-0.30481171899999998     ,
 CENTER_BAND_S_DW=-0.27771474699999998     ,
 CENTER_BAND_P_UP= 0.34241775600000002     ,
 CENTER_BAND_P_DW= 0.39744541700000002     ,
 CENTER_BAND_D_UP=-0.21314187300000001     ,
 CENTER_BAND_D_DW= -5.4937947000000001E-002,
 WIDTH_BAND_S_UP= 0.39972999700000000     ,
 WIDTH_BAND_S_DW= 0.40319814700000001     ,
 WIDTH_BAND_P_UP= 0.26066982999999999     ,
 WIDTH_BAND_P_DW= 0.26812880100000003     ,
 WIDTH_BAND_D_UP= 0.11764199000000000     ,
 WIDTH_BAND_D_DW= 0.13718011199999999     ,
 PL= 2*4.5000000000000000       ,  3.5000000000000000     , 2*4.5000000000000000       ,  3.5000000000000000     ,
 MOM= 3*                      NaN,
 CEX= 18*(0.0000000000000000,0.0000000000000000),
 OBX= 18*(0.0000000000000000,0.0000000000000000),
 /
