&ELEMENT
 SYMBOL="Fe        ",
 ATOMIC_NUMBER=  26.000000000000000     ,
 CORE=  18.000000000000000     ,
 VALENCE=  8.0000000000000000     ,
 F_CORE=0          ,
 NUM_QUANT_S=4          ,
 NUM_QUANT_P=4          ,
 NUM_QUANT_D=3          ,
 /
&PAR
 CENTER_BAND=-0.30497008544095960     , 0.34215636585916348     ,-0.21334676968918578     ,-0.27782324481271459     , 0.39737240655909384     ,
  -5.4937934822666651E-002,
 WIDTH_BAND= 0.39958271054079697     , 0.26062456681291296     , 0.11762155505467868     , 0.40308984470051629     , 0.26811951421294827     ,
  0.13719796418606203     ,
 GRAVITY_CENTER=-0.46149495402950103     ,-0.30651870597009434     ,-0.23161354780027432     ,-0.43660888085936872     ,-0.24650630220913541     ,
 -0.20820205771826078     ,
 SUMEC= -1485.8881891476083     ,
 SUMEV= -1.9864464487034161     ,
 ETOT= -2541.9814775139207     ,
 UTOT= -5008.5383412699166     ,
 EKIN=  2574.7923617208821     ,
 RHOEPS= -108.23549796488642     ,
 VMAD= -5.2836817632040177E-016,
 C=-0.29256278840781053     , 0.72562165084824648     ,-0.21365335641247235     ,-0.26515947897895464     , 0.75471279247727996     ,
  -6.2875794702211357E-002,
 ENU=-0.46149382641155068     ,-0.30651548867506134     ,-0.23161354554047001     ,-0.43660761701351780     ,-0.24650151300811748     ,
 -0.20820163797746521     ,
 PPAR=  5.0048559324721964     ,  6.5079872272548407     , 0.76599251436485738     ,  5.1140435647834499     ,  6.5246420775865381     ,
  0.89901097955154330     ,
 QPAR= 0.42934432624853530     , 0.11493227999182169     , -1.9976924888030832E-003, 0.43009644594271257     , 0.11499369128505448     ,
   4.3530770770854686E-003,
 SRDEL= 0.43125676425461523     , 0.41469395195654846     , 0.11564741317842579     , 0.43523806768053536     , 0.41692183058173565     ,
  0.13009218380198861     ,
 VL=-0.72573761778690038     ,-0.77065544167945554     ,  6.4812321140018332     ,-0.70559738755543555     ,-0.75687431631435276     ,
  -3.9506836888585761     ,
 PL=  4.6656807350728569     ,  4.4101847035286452     ,  3.8747773818399072     ,  4.6659595597441612     ,  4.4312491723875400     ,
   3.6818141911669233     ,
 MOM= 2*0.0000000000000000       ,  1.0000000000000000     ,
 QL= 0.33293498515405884     ,  0.0000000000000000     ,  6.8812200659556406E-003, 0.36699149624936223     ,  0.0000000000000000     ,
   5.4478323736360038E-003,  4.3676606692261695     ,  0.0000000000000000     ,  4.5314534810905555E-002, 0.35566325561832890     ,  0.0000000000000000     ,
   6.0861192825576059E-003, 0.44209765026865033     ,  0.0000000000000000     ,  6.5474516560327361E-003,  2.1346519434834308     ,  0.0000000000000000     ,
   1.1865815555639944E-002,
 LMAX=2          ,
 WS_R=  2.6621999999999999     ,
 /
